# Created by Octave 3.6.4, Sat Nov 16 14:42:24 2013 E. South America Daylight Time <unknown@Shin-PC>
# name: tabela
# type: matrix
# rows: 21
# columns: 4
 0 -2 0 2
 0.1570796326794897 -2.731465317344927 0.1830422135215751 2.914507530866502
 0.3141592653589793 -3.679354594461456 0.4230775682538751 4.10243216271533
 0.471238898038469 -4.83395410556796 0.7272826344772624 5.561236740045223
 0.6283185307179586 -6.135936297241672 1.10177764435251 7.237713941594182
 0.7853981633974483 -7.451213476077523 1.550883196918025 9.002096672995549
 0.9424777960769379 -8.540079335649905 2.076206520938345 10.61628585658825
 1.099557428756428 -9.02091613567158 2.675547144786755 11.69646328045834
 1.256637061435917 -8.329441565855538 3.341618503537922 11.67106006939346
 1.413716694115407 -5.675419522902216 4.060591360799312 9.736010883701528
 1.570796326794897 -2.967972462377725e-015 4.810477380965351 4.810477380965354
 1.727875959474386 10.06158592999601 5.559387185402459 4.502198744593553
 1.884955592153876 26.20535414718747 6.263717146344467 19.941637000843
 2.042035224833366 50.46307153517451 6.866343312572881 43.59672822260163
 2.199114857512855 85.17457112544906 7.294929385017267 77.87964174043179
 2.356194490192345 132.9137803963369 7.460488539293396 125.4532918570435
 2.513274122871834 196.3515482632423 7.256375834817465 189.0951724284249
 2.670353755551324 278.0356555308356 6.557928323322805 271.4777272075128
 2.827433388230814 380.0660902139898 5.223012708395014 374.8430775055948
 2.984513020910303 503.642141989925 3.093783917385251 500.5483580725398
 3.141592653589793 648.4576089192648 2.833823922995217e-015 648.4576089192648


